Task #1
{'value': 4986, 'weight': 12678, 'volume': 12, 'items': [3, 4, 6, 8, 11, 12, 14, 16, 17, 18, 20, 21, 23, 25, 27, 28, 30]}
{'value': 4952, 'weight': 12847, 'volume': 12, 'items': [2, 3, 4, 8, 11, 12, 14, 16, 17, 18, 21, 23, 25, 27, 28, 29, 30]}
{'value': 4730, 'weight': 11674, 'volume': 12, 'items': [6, 7, 8, 11, 12, 14, 16, 18, 20, 21, 23, 24, 25, 26, 27, 28, 30]}
{'value': 4854, 'weight': 12982, 'volume': 12, 'items': [3, 4, 6, 8, 11, 12, 14, 16, 17, 18, 19, 21, 22, 23, 27, 28, 30]}
{'value': 4871, 'weight': 12543, 'volume': 12, 'items': [1, 4, 6, 7, 8, 11, 12, 13, 14, 15, 16, 17, 18, 21, 23, 27, 28, 30]}
{'value': 4869, 'weight': 12191, 'volume': 12, 'items': [2, 6, 8, 11, 12, 14, 15, 16, 17, 18, 20, 21, 23, 25, 27, 28, 30]}
{'value': 4753, 'weight': 12207, 'volume': 12, 'items': [2, 4, 6, 7, 8, 11, 12, 14, 16, 18, 20, 21, 25, 27, 28, 29, 30]}
{'value': 4813, 'weight': 11946, 'volume': 12, 'items': [2, 4, 11, 12, 14, 16, 17, 18, 19, 20, 21, 23, 25, 27, 28, 30]}
{'value': 4965, 'weight': 12410, 'volume': 12, 'items': [1, 3, 4, 8, 11, 12, 14, 16, 17, 18, 20, 21, 23, 25, 27, 28, 30]}
{'value': 4800, 'weight': 12996, 'volume': 12, 'items': [6, 7, 8, 11, 12, 13, 14, 16, 18, 19, 21, 23, 25, 27, 28, 29, 30]}
{'value': 4866, 'weight': 12379, 'volume': 12, 'items': [2, 3, 4, 6, 8, 11, 12, 14, 16, 17, 18, 21, 23, 25, 27, 28, 30]}
{'value': 4873, 'weight': 11733, 'volume': 12, 'items': [2, 3, 4, 6, 8, 11, 12, 14, 16, 18, 20, 21, 23, 25, 27, 28, 30]}
{'value': 4924, 'weight': 11037, 'volume': 12, 'items': [2, 4, 7, 8, 11, 12, 14, 16, 17, 18, 20, 21, 23, 25, 27, 28, 30]}
{'value': 4825, 'weight': 10895, 'volume': 12, 'items': [2, 4, 7, 8, 11, 12, 14, 15, 16, 17, 18, 20, 21, 23, 27, 28, 30]}
{'value': 4834, 'weight': 12804, 'volume': 12, 'items': [1, 2, 4, 7, 8, 11, 12, 14, 15, 16, 17, 18, 20, 21, 23, 28, 29, 30]}
{'value': 4986, 'weight': 12678, 'volume': 12, 'items': [3, 4, 6, 8, 11, 12, 14, 16, 17, 18, 20, 21, 23, 25, 27, 28, 30]}
{'value': 4820, 'weight': 12271, 'volume': 12, 'items': [2, 4, 5, 7, 8, 11, 12, 14, 16, 17, 18, 21, 23, 27, 28, 29, 30]}
{'value': 4884, 'weight': 12490, 'volume': 12, 'items': [2, 4, 5, 6, 8, 11, 12, 14, 16, 17, 18, 20, 21, 23, 27, 28, 30]}
{'value': 4721, 'weight': 12075, 'volume': 12, 'items': [2, 3, 4, 5, 8, 11, 12, 14, 16, 17, 18, 20, 21, 23, 27, 30]}
{'value': 4818, 'weight': 12429, 'volume': 12, 'items': [4, 6, 8, 11, 12, 14, 16, 17, 18, 19, 20, 21, 22, 23, 25, 28, 30]}
Best: {'value': 4986, 'weight': 12678, 'volume': 12, 'items': [3, 4, 6, 8, 11, 12, 14, 16, 17, 18, 20, 21, 23, 25, 27, 28, 30]}
Task #2
{'value': 4954, 'weight': 12969, 'volume': 12, 'items': [2, 3, 4, 6, 7, 8, 11, 12, 14, 16, 17, 18, 20, 21, 23, 25, 28, 30]}
{'value': 4890, 'weight': 12385, 'volume': 12, 'items': [1, 2, 3, 4, 6, 7, 8, 11, 12, 14, 16, 18, 20, 21, 23, 27, 28, 30]}
{'value': 4986, 'weight': 12678, 'volume': 12, 'items': [3, 4, 6, 8, 11, 12, 14, 16, 17, 18, 20, 21, 23, 25, 27, 28, 30]}
{'value': 4844, 'weight': 12739, 'volume': 12, 'items': [1, 3, 4, 6, 7, 8, 11, 12, 13, 14, 16, 18, 20, 21, 23, 25, 28, 30]}
{'value': 4954, 'weight': 12969, 'volume': 12, 'items': [2, 3, 4, 6, 7, 8, 11, 12, 14, 16, 17, 18, 20, 21, 23, 25, 28, 30]}
{'value': 4786, 'weight': 12370, 'volume': 12, 'items': [2, 4, 6, 8, 11, 12, 13, 14, 16, 17, 18, 20, 21, 23, 25, 28, 30]}
{'value': 4847, 'weight': 12557, 'volume': 12, 'items': [2, 4, 6, 7, 8, 11, 12, 13, 14, 15, 16, 17, 18, 20, 21, 23, 28, 30]}
{'value': 4828, 'weight': 12189, 'volume': 12, 'items': [3, 4, 6, 7, 8, 11, 12, 14, 16, 18, 19, 20, 21, 23, 27, 28, 30]}
{'value': 4986, 'weight': 12678, 'volume': 12, 'items': [3, 4, 6, 8, 11, 12, 14, 16, 17, 18, 20, 21, 23, 25, 27, 28, 30]}
{'value': 4847, 'weight': 12557, 'volume': 12, 'items': [2, 4, 6, 7, 8, 11, 12, 13, 14, 15, 16, 17, 18, 20, 21, 23, 28, 30]}
{'value': 4897, 'weight': 11552, 'volume': 12, 'items': [4, 6, 7, 8, 11, 12, 14, 16, 17, 18, 20, 21, 23, 25, 27, 28, 30]}
{'value': 4837, 'weight': 11806, 'volume': 12, 'items': [2, 3, 4, 6, 7, 8, 11, 12, 14, 15, 16, 18, 20, 21, 23, 25, 28, 30]}
{'value': 4978, 'weight': 12408, 'volume': 12, 'items': [4, 6, 8, 11, 12, 13, 14, 16, 17, 18, 20, 21, 23, 25, 27, 28, 30]}
{'value': 4891, 'weight': 12013, 'volume': 12, 'items': [2, 4, 6, 7, 8, 11, 12, 14, 15, 16, 17, 18, 20, 21, 23, 25, 28, 30]}
{'value': 4842, 'weight': 12205, 'volume': 12, 'items': [3, 4, 7, 8, 11, 12, 13, 14, 16, 17, 18, 20, 21, 23, 25, 28, 30]}
{'value': 4897, 'weight': 11552, 'volume': 12, 'items': [4, 6, 7, 8, 11, 12, 14, 16, 17, 18, 20, 21, 23, 25, 27, 28, 30]}
{'value': 4986, 'weight': 12678, 'volume': 12, 'items': [3, 4, 6, 8, 11, 12, 14, 16, 17, 18, 20, 21, 23, 25, 27, 28, 30]}
{'value': 4897, 'weight': 11552, 'volume': 12, 'items': [4, 6, 7, 8, 11, 12, 14, 16, 17, 18, 20, 21, 23, 25, 27, 28, 30]}
{'value': 4978, 'weight': 12408, 'volume': 12, 'items': [4, 6, 8, 11, 12, 13, 14, 16, 17, 18, 20, 21, 23, 25, 27, 28, 30]}
{'value': 4890, 'weight': 12385, 'volume': 12, 'items': [1, 2, 3, 4, 6, 7, 8, 11, 12, 14, 16, 18, 20, 21, 23, 27, 28, 30]}
Best: {'value': 4986, 'weight': 12678, 'volume': 12, 'items': [3, 4, 6, 8, 11, 12, 14, 16, 17, 18, 20, 21, 23, 25, 27, 28, 30]}
